51.333333333333336
50.666666666666664
55.0
74.0
62.0
71.0
37.0
85.66666666666667
51.333333333333336
61.0
46.0
54.0
56.333333333333336
61.666666666666664
60.666666666666664
75.66666666666667
53.333333333333336
80.0
78.33333333333333
64.66666666666667
52.0
68.0
50.666666666666664
43.666666666666664
70.33333333333333
71.33333333333333
46.0
79.66666666666667
73.33333333333333
67.66666666666667
68.66666666666667
69.0
54.666666666666664
49.0
57.0
69.33333333333333
73.0
73.0
68.33333333333333
61.666666666666664
52.333333333333336
59.333333333333336
61.333333333333336
58.0
60.333333333333336
79.33333333333333
37.333333333333336
51.666666666666664
61.333333333333336
56.333333333333336
60.666666666666664
66.0
68.33333333333333
42.333333333333336
79.33333333333333
68.0
82.33333333333333
48.333333333333336
50.0
83.0
41.0
74.66666666666667
69.0
35.0
41.333333333333336
34.333333333333336
84.66666666666667
37.666666666666664
65.33333333333333
73.66666666666667
71.66666666666667
85.33333333333333
59.0
45.0
69.66666666666667
68.0
65.33333333333333
76.33333333333333
61.666666666666664
47.333333333333336
70.33333333333333
83.33333333333333
45.333333333333336
50.666666666666664
67.66666666666667
58.666666666666664
51.333333333333336
63.0
56.0
80.66666666666667
58.0
59.333333333333336
75.33333333333333
58.333333333333336
66.0
50.0
65.33333333333333
73.66666666666667
77.33333333333333
67.33333333333333
38.666666666666664
71.66666666666667
77.0
60.0
47.333333333333336
64.0
55.666666666666664
74.66666666666667
41.333333333333336
78.33333333333333
65.0
58.0
86.33333333333333
53.666666666666664
64.0
61.666666666666664
62.0
39.333333333333336
64.66666666666667
62.333333333333336
51.666666666666664
72.0
79.33333333333333
70.66666666666667
68.66666666666667
77.33333333333333
56.666666666666664
74.33333333333333
51.0
66.33333333333333
69.0
46.666666666666664
68.33333333333333
41.333333333333336
50.333333333333336
77.33333333333333
63.333333333333336
39.666666666666664
57.666666666666664
67.0
69.0
62.0
43.0
51.666666666666664
91.66666666666667
70.0
65.66666666666667
78.66666666666667
57.0
49.666666666666664
77.0
54.0
66.33333333333333
73.66666666666667
73.66666666666667
53.0
77.33333333333333
49.0
78.33333333333333
49.0
72.66666666666667
64.0
59.0
60.31288343558282 63.11656441717791 63.65644171779141